Accuracy: 0.7610244898
Sensitivity: 0.7597015576
Specificity: 0.8378117846
